{
 "cells": [
  {
   "cell_type": "code",
   "execution_count": 1,
   "metadata": {},
   "outputs": [],
   "source": [
    "# Import libraries\n",
    "import glob\n",
    "import pandas as pd\n",
    "from sklearn.cluster import KMeans\n",
    "import matplotlib.pyplot as plt\n",
    "import numpy as np\n",
    "import datetime\n",
    "from dateutil import parser\n",
    "import seaborn as sns"
   ]
  },
  {
   "cell_type": "code",
   "execution_count": 2,
   "metadata": {},
   "outputs": [
    {
     "data": {
      "text/html": [
       "<div>\n",
       "<style scoped>\n",
       "    .dataframe tbody tr th:only-of-type {\n",
       "        vertical-align: middle;\n",
       "    }\n",
       "\n",
       "    .dataframe tbody tr th {\n",
       "        vertical-align: top;\n",
       "    }\n",
       "\n",
       "    .dataframe thead th {\n",
       "        text-align: right;\n",
       "    }\n",
       "</style>\n",
       "<table border=\"1\" class=\"dataframe\">\n",
       "  <thead>\n",
       "    <tr style=\"text-align: right;\">\n",
       "      <th></th>\n",
       "      <th>time</th>\n",
       "      <th>depth</th>\n",
       "      <th>latitude</th>\n",
       "      <th>longitude</th>\n",
       "      <th>Tdir</th>\n",
       "      <th>Tper</th>\n",
       "      <th>Thgt</th>\n",
       "      <th>sdir</th>\n",
       "      <th>sper</th>\n",
       "      <th>shgt</th>\n",
       "      <th>...</th>\n",
       "      <th>IMO</th>\n",
       "      <th>CallSign</th>\n",
       "      <th>VesselType</th>\n",
       "      <th>Status</th>\n",
       "      <th>Length</th>\n",
       "      <th>Width</th>\n",
       "      <th>Draft</th>\n",
       "      <th>Cargo</th>\n",
       "      <th>TransceiverClass</th>\n",
       "      <th>Exist</th>\n",
       "    </tr>\n",
       "  </thead>\n",
       "  <tbody>\n",
       "    <tr>\n",
       "      <th>0</th>\n",
       "      <td>2022-06-30T00:00:00Z</td>\n",
       "      <td>0.0</td>\n",
       "      <td>17.0</td>\n",
       "      <td>114.5</td>\n",
       "      <td>198.0</td>\n",
       "      <td>6.024096</td>\n",
       "      <td>0.79</td>\n",
       "      <td>213.0</td>\n",
       "      <td>5.9</td>\n",
       "      <td>0.56</td>\n",
       "      <td>...</td>\n",
       "      <td>IMO9262223</td>\n",
       "      <td>ZCDO2</td>\n",
       "      <td>80.0</td>\n",
       "      <td>0.0</td>\n",
       "      <td>288.0</td>\n",
       "      <td>48.0</td>\n",
       "      <td>12.3</td>\n",
       "      <td>82.0</td>\n",
       "      <td>A</td>\n",
       "      <td>True</td>\n",
       "    </tr>\n",
       "    <tr>\n",
       "      <th>1</th>\n",
       "      <td>2022-06-30T00:00:00Z</td>\n",
       "      <td>0.0</td>\n",
       "      <td>17.0</td>\n",
       "      <td>114.5</td>\n",
       "      <td>198.0</td>\n",
       "      <td>6.024096</td>\n",
       "      <td>0.79</td>\n",
       "      <td>213.0</td>\n",
       "      <td>5.9</td>\n",
       "      <td>0.56</td>\n",
       "      <td>...</td>\n",
       "      <td>IMO9262223</td>\n",
       "      <td>ZCDO2</td>\n",
       "      <td>80.0</td>\n",
       "      <td>0.0</td>\n",
       "      <td>288.0</td>\n",
       "      <td>48.0</td>\n",
       "      <td>12.3</td>\n",
       "      <td>82.0</td>\n",
       "      <td>A</td>\n",
       "      <td>True</td>\n",
       "    </tr>\n",
       "    <tr>\n",
       "      <th>2</th>\n",
       "      <td>2022-06-30T00:00:00Z</td>\n",
       "      <td>0.0</td>\n",
       "      <td>17.0</td>\n",
       "      <td>114.5</td>\n",
       "      <td>198.0</td>\n",
       "      <td>6.024096</td>\n",
       "      <td>0.79</td>\n",
       "      <td>213.0</td>\n",
       "      <td>5.9</td>\n",
       "      <td>0.56</td>\n",
       "      <td>...</td>\n",
       "      <td>IMO9262223</td>\n",
       "      <td>ZCDO2</td>\n",
       "      <td>80.0</td>\n",
       "      <td>0.0</td>\n",
       "      <td>288.0</td>\n",
       "      <td>48.0</td>\n",
       "      <td>12.3</td>\n",
       "      <td>82.0</td>\n",
       "      <td>A</td>\n",
       "      <td>True</td>\n",
       "    </tr>\n",
       "    <tr>\n",
       "      <th>3</th>\n",
       "      <td>2022-06-30T00:00:00Z</td>\n",
       "      <td>0.0</td>\n",
       "      <td>17.0</td>\n",
       "      <td>114.5</td>\n",
       "      <td>198.0</td>\n",
       "      <td>6.024096</td>\n",
       "      <td>0.79</td>\n",
       "      <td>213.0</td>\n",
       "      <td>5.9</td>\n",
       "      <td>0.56</td>\n",
       "      <td>...</td>\n",
       "      <td>IMO9262223</td>\n",
       "      <td>ZCDO2</td>\n",
       "      <td>80.0</td>\n",
       "      <td>0.0</td>\n",
       "      <td>288.0</td>\n",
       "      <td>48.0</td>\n",
       "      <td>12.3</td>\n",
       "      <td>82.0</td>\n",
       "      <td>A</td>\n",
       "      <td>True</td>\n",
       "    </tr>\n",
       "    <tr>\n",
       "      <th>4</th>\n",
       "      <td>2022-06-30T00:00:00Z</td>\n",
       "      <td>0.0</td>\n",
       "      <td>17.0</td>\n",
       "      <td>114.5</td>\n",
       "      <td>198.0</td>\n",
       "      <td>6.024096</td>\n",
       "      <td>0.79</td>\n",
       "      <td>213.0</td>\n",
       "      <td>5.9</td>\n",
       "      <td>0.56</td>\n",
       "      <td>...</td>\n",
       "      <td>IMO9262223</td>\n",
       "      <td>ZCDO2</td>\n",
       "      <td>80.0</td>\n",
       "      <td>0.0</td>\n",
       "      <td>288.0</td>\n",
       "      <td>48.0</td>\n",
       "      <td>12.3</td>\n",
       "      <td>82.0</td>\n",
       "      <td>A</td>\n",
       "      <td>True</td>\n",
       "    </tr>\n",
       "  </tbody>\n",
       "</table>\n",
       "<p>5 rows × 29 columns</p>\n",
       "</div>"
      ],
      "text/plain": [
       "                   time  depth  latitude  longitude   Tdir      Tper  Thgt  \\\n",
       "0  2022-06-30T00:00:00Z    0.0      17.0      114.5  198.0  6.024096  0.79   \n",
       "1  2022-06-30T00:00:00Z    0.0      17.0      114.5  198.0  6.024096  0.79   \n",
       "2  2022-06-30T00:00:00Z    0.0      17.0      114.5  198.0  6.024096  0.79   \n",
       "3  2022-06-30T00:00:00Z    0.0      17.0      114.5  198.0  6.024096  0.79   \n",
       "4  2022-06-30T00:00:00Z    0.0      17.0      114.5  198.0  6.024096  0.79   \n",
       "\n",
       "    sdir  sper  shgt  ...         IMO  CallSign  VesselType  Status Length  \\\n",
       "0  213.0   5.9  0.56  ...  IMO9262223     ZCDO2        80.0     0.0  288.0   \n",
       "1  213.0   5.9  0.56  ...  IMO9262223     ZCDO2        80.0     0.0  288.0   \n",
       "2  213.0   5.9  0.56  ...  IMO9262223     ZCDO2        80.0     0.0  288.0   \n",
       "3  213.0   5.9  0.56  ...  IMO9262223     ZCDO2        80.0     0.0  288.0   \n",
       "4  213.0   5.9  0.56  ...  IMO9262223     ZCDO2        80.0     0.0  288.0   \n",
       "\n",
       "   Width  Draft  Cargo TransceiverClass Exist  \n",
       "0   48.0   12.3   82.0                A  True  \n",
       "1   48.0   12.3   82.0                A  True  \n",
       "2   48.0   12.3   82.0                A  True  \n",
       "3   48.0   12.3   82.0                A  True  \n",
       "4   48.0   12.3   82.0                A  True  \n",
       "\n",
       "[5 rows x 29 columns]"
      ]
     },
     "execution_count": 2,
     "metadata": {},
     "output_type": "execute_result"
    }
   ],
   "source": [
    "df = pd.read_csv(\"./Draft Cleaned Merged.csv\")\n",
    "df.head()"
   ]
  },
  {
   "cell_type": "code",
   "execution_count": 3,
   "metadata": {},
   "outputs": [],
   "source": [
    "y = df[\"SOG\"]\n",
    "x = df.drop([ \"VesselName\", \"IMO\", \"CallSign\", \"latitude\", \"longitude\", \"time\", \"BaseDateTime\", \"MMSI\", \"TransceiverClass\", \"Exist\", \"depth\"], axis = 1)"
   ]
  },
  {
   "cell_type": "code",
   "execution_count": 4,
   "metadata": {},
   "outputs": [
    {
     "data": {
      "text/html": [
       "<div>\n",
       "<style scoped>\n",
       "    .dataframe tbody tr th:only-of-type {\n",
       "        vertical-align: middle;\n",
       "    }\n",
       "\n",
       "    .dataframe tbody tr th {\n",
       "        vertical-align: top;\n",
       "    }\n",
       "\n",
       "    .dataframe thead th {\n",
       "        text-align: right;\n",
       "    }\n",
       "</style>\n",
       "<table border=\"1\" class=\"dataframe\">\n",
       "  <thead>\n",
       "    <tr style=\"text-align: right;\">\n",
       "      <th></th>\n",
       "      <th>Tdir</th>\n",
       "      <th>Tper</th>\n",
       "      <th>Thgt</th>\n",
       "      <th>sdir</th>\n",
       "      <th>sper</th>\n",
       "      <th>shgt</th>\n",
       "      <th>wdir</th>\n",
       "      <th>wper</th>\n",
       "      <th>whgt</th>\n",
       "      <th>SOG</th>\n",
       "      <th>COG</th>\n",
       "      <th>Heading</th>\n",
       "      <th>VesselType</th>\n",
       "      <th>Status</th>\n",
       "      <th>Length</th>\n",
       "      <th>Width</th>\n",
       "      <th>Draft</th>\n",
       "      <th>Cargo</th>\n",
       "    </tr>\n",
       "  </thead>\n",
       "  <tbody>\n",
       "    <tr>\n",
       "      <th>Tdir</th>\n",
       "      <td>1.000000</td>\n",
       "      <td>-0.589622</td>\n",
       "      <td>0.119382</td>\n",
       "      <td>0.978535</td>\n",
       "      <td>-0.677285</td>\n",
       "      <td>0.044306</td>\n",
       "      <td>-0.492141</td>\n",
       "      <td>-0.235801</td>\n",
       "      <td>-0.195454</td>\n",
       "      <td>0.130290</td>\n",
       "      <td>-0.225762</td>\n",
       "      <td>-0.197025</td>\n",
       "      <td>0.154603</td>\n",
       "      <td>-0.217324</td>\n",
       "      <td>0.389926</td>\n",
       "      <td>0.332826</td>\n",
       "      <td>0.316171</td>\n",
       "      <td>0.200863</td>\n",
       "    </tr>\n",
       "    <tr>\n",
       "      <th>Tper</th>\n",
       "      <td>-0.589622</td>\n",
       "      <td>1.000000</td>\n",
       "      <td>-0.387334</td>\n",
       "      <td>-0.572548</td>\n",
       "      <td>0.952481</td>\n",
       "      <td>0.160026</td>\n",
       "      <td>0.775737</td>\n",
       "      <td>-0.445201</td>\n",
       "      <td>-0.412771</td>\n",
       "      <td>0.146561</td>\n",
       "      <td>0.216574</td>\n",
       "      <td>0.218014</td>\n",
       "      <td>-0.540190</td>\n",
       "      <td>0.069936</td>\n",
       "      <td>-0.364255</td>\n",
       "      <td>-0.390818</td>\n",
       "      <td>-0.227359</td>\n",
       "      <td>-0.474096</td>\n",
       "    </tr>\n",
       "    <tr>\n",
       "      <th>Thgt</th>\n",
       "      <td>0.119382</td>\n",
       "      <td>-0.387334</td>\n",
       "      <td>1.000000</td>\n",
       "      <td>0.081911</td>\n",
       "      <td>-0.334455</td>\n",
       "      <td>0.501495</td>\n",
       "      <td>-0.080480</td>\n",
       "      <td>0.513343</td>\n",
       "      <td>0.640324</td>\n",
       "      <td>-0.184913</td>\n",
       "      <td>-0.062158</td>\n",
       "      <td>0.095982</td>\n",
       "      <td>0.074257</td>\n",
       "      <td>-0.002245</td>\n",
       "      <td>0.135276</td>\n",
       "      <td>0.188229</td>\n",
       "      <td>0.166698</td>\n",
       "      <td>0.000217</td>\n",
       "    </tr>\n",
       "    <tr>\n",
       "      <th>sdir</th>\n",
       "      <td>0.978535</td>\n",
       "      <td>-0.572548</td>\n",
       "      <td>0.081911</td>\n",
       "      <td>1.000000</td>\n",
       "      <td>-0.703667</td>\n",
       "      <td>0.013769</td>\n",
       "      <td>-0.477775</td>\n",
       "      <td>-0.215541</td>\n",
       "      <td>-0.192404</td>\n",
       "      <td>0.122745</td>\n",
       "      <td>-0.234715</td>\n",
       "      <td>-0.201361</td>\n",
       "      <td>0.169336</td>\n",
       "      <td>-0.217309</td>\n",
       "      <td>0.414874</td>\n",
       "      <td>0.350859</td>\n",
       "      <td>0.321110</td>\n",
       "      <td>0.210333</td>\n",
       "    </tr>\n",
       "    <tr>\n",
       "      <th>sper</th>\n",
       "      <td>-0.677285</td>\n",
       "      <td>0.952481</td>\n",
       "      <td>-0.334455</td>\n",
       "      <td>-0.703667</td>\n",
       "      <td>1.000000</td>\n",
       "      <td>0.116856</td>\n",
       "      <td>0.747511</td>\n",
       "      <td>-0.383485</td>\n",
       "      <td>-0.325933</td>\n",
       "      <td>0.135540</td>\n",
       "      <td>0.260504</td>\n",
       "      <td>0.244863</td>\n",
       "      <td>-0.564341</td>\n",
       "      <td>0.098440</td>\n",
       "      <td>-0.440130</td>\n",
       "      <td>-0.437748</td>\n",
       "      <td>-0.263085</td>\n",
       "      <td>-0.494379</td>\n",
       "    </tr>\n",
       "    <tr>\n",
       "      <th>shgt</th>\n",
       "      <td>0.044306</td>\n",
       "      <td>0.160026</td>\n",
       "      <td>0.501495</td>\n",
       "      <td>0.013769</td>\n",
       "      <td>0.116856</td>\n",
       "      <td>1.000000</td>\n",
       "      <td>0.149569</td>\n",
       "      <td>-0.251638</td>\n",
       "      <td>-0.233309</td>\n",
       "      <td>-0.046900</td>\n",
       "      <td>-0.127112</td>\n",
       "      <td>0.246540</td>\n",
       "      <td>-0.256535</td>\n",
       "      <td>0.021386</td>\n",
       "      <td>-0.182951</td>\n",
       "      <td>-0.229706</td>\n",
       "      <td>-0.207798</td>\n",
       "      <td>-0.336916</td>\n",
       "    </tr>\n",
       "    <tr>\n",
       "      <th>wdir</th>\n",
       "      <td>-0.492141</td>\n",
       "      <td>0.775737</td>\n",
       "      <td>-0.080480</td>\n",
       "      <td>-0.477775</td>\n",
       "      <td>0.747511</td>\n",
       "      <td>0.149569</td>\n",
       "      <td>1.000000</td>\n",
       "      <td>-0.259989</td>\n",
       "      <td>-0.184262</td>\n",
       "      <td>0.212030</td>\n",
       "      <td>0.214610</td>\n",
       "      <td>0.222309</td>\n",
       "      <td>-0.407728</td>\n",
       "      <td>0.050309</td>\n",
       "      <td>-0.284807</td>\n",
       "      <td>-0.298036</td>\n",
       "      <td>-0.207754</td>\n",
       "      <td>-0.325716</td>\n",
       "    </tr>\n",
       "    <tr>\n",
       "      <th>wper</th>\n",
       "      <td>-0.235801</td>\n",
       "      <td>-0.445201</td>\n",
       "      <td>0.513343</td>\n",
       "      <td>-0.215541</td>\n",
       "      <td>-0.383485</td>\n",
       "      <td>-0.251638</td>\n",
       "      <td>-0.259989</td>\n",
       "      <td>1.000000</td>\n",
       "      <td>0.926060</td>\n",
       "      <td>-0.335349</td>\n",
       "      <td>0.026785</td>\n",
       "      <td>-0.073457</td>\n",
       "      <td>0.432633</td>\n",
       "      <td>0.113145</td>\n",
       "      <td>0.247737</td>\n",
       "      <td>0.327391</td>\n",
       "      <td>0.233567</td>\n",
       "      <td>0.335642</td>\n",
       "    </tr>\n",
       "    <tr>\n",
       "      <th>whgt</th>\n",
       "      <td>-0.195454</td>\n",
       "      <td>-0.412771</td>\n",
       "      <td>0.640324</td>\n",
       "      <td>-0.192404</td>\n",
       "      <td>-0.325933</td>\n",
       "      <td>-0.233309</td>\n",
       "      <td>-0.184262</td>\n",
       "      <td>0.926060</td>\n",
       "      <td>1.000000</td>\n",
       "      <td>-0.325238</td>\n",
       "      <td>0.066662</td>\n",
       "      <td>-0.051669</td>\n",
       "      <td>0.328878</td>\n",
       "      <td>0.069337</td>\n",
       "      <td>0.255718</td>\n",
       "      <td>0.358514</td>\n",
       "      <td>0.312791</td>\n",
       "      <td>0.251950</td>\n",
       "    </tr>\n",
       "    <tr>\n",
       "      <th>SOG</th>\n",
       "      <td>0.130290</td>\n",
       "      <td>0.146561</td>\n",
       "      <td>-0.184913</td>\n",
       "      <td>0.122745</td>\n",
       "      <td>0.135540</td>\n",
       "      <td>-0.046900</td>\n",
       "      <td>0.212030</td>\n",
       "      <td>-0.335349</td>\n",
       "      <td>-0.325238</td>\n",
       "      <td>1.000000</td>\n",
       "      <td>0.186954</td>\n",
       "      <td>-0.179059</td>\n",
       "      <td>-0.179182</td>\n",
       "      <td>-0.026052</td>\n",
       "      <td>-0.062567</td>\n",
       "      <td>-0.066592</td>\n",
       "      <td>-0.006700</td>\n",
       "      <td>-0.064796</td>\n",
       "    </tr>\n",
       "    <tr>\n",
       "      <th>COG</th>\n",
       "      <td>-0.225762</td>\n",
       "      <td>0.216574</td>\n",
       "      <td>-0.062158</td>\n",
       "      <td>-0.234715</td>\n",
       "      <td>0.260504</td>\n",
       "      <td>-0.127112</td>\n",
       "      <td>0.214610</td>\n",
       "      <td>0.026785</td>\n",
       "      <td>0.066662</td>\n",
       "      <td>0.186954</td>\n",
       "      <td>1.000000</td>\n",
       "      <td>0.380699</td>\n",
       "      <td>-0.288188</td>\n",
       "      <td>-0.022012</td>\n",
       "      <td>-0.162959</td>\n",
       "      <td>-0.106018</td>\n",
       "      <td>0.025633</td>\n",
       "      <td>-0.353049</td>\n",
       "    </tr>\n",
       "    <tr>\n",
       "      <th>Heading</th>\n",
       "      <td>-0.197025</td>\n",
       "      <td>0.218014</td>\n",
       "      <td>0.095982</td>\n",
       "      <td>-0.201361</td>\n",
       "      <td>0.244863</td>\n",
       "      <td>0.246540</td>\n",
       "      <td>0.222309</td>\n",
       "      <td>-0.073457</td>\n",
       "      <td>-0.051669</td>\n",
       "      <td>-0.179059</td>\n",
       "      <td>0.380699</td>\n",
       "      <td>1.000000</td>\n",
       "      <td>-0.472328</td>\n",
       "      <td>0.152424</td>\n",
       "      <td>-0.334832</td>\n",
       "      <td>-0.322799</td>\n",
       "      <td>-0.276373</td>\n",
       "      <td>-0.484909</td>\n",
       "    </tr>\n",
       "    <tr>\n",
       "      <th>VesselType</th>\n",
       "      <td>0.154603</td>\n",
       "      <td>-0.540190</td>\n",
       "      <td>0.074257</td>\n",
       "      <td>0.169336</td>\n",
       "      <td>-0.564341</td>\n",
       "      <td>-0.256535</td>\n",
       "      <td>-0.407728</td>\n",
       "      <td>0.432633</td>\n",
       "      <td>0.328878</td>\n",
       "      <td>-0.179182</td>\n",
       "      <td>-0.288188</td>\n",
       "      <td>-0.472328</td>\n",
       "      <td>1.000000</td>\n",
       "      <td>-0.214022</td>\n",
       "      <td>0.623889</td>\n",
       "      <td>0.600199</td>\n",
       "      <td>0.395130</td>\n",
       "      <td>0.943146</td>\n",
       "    </tr>\n",
       "    <tr>\n",
       "      <th>Status</th>\n",
       "      <td>-0.217324</td>\n",
       "      <td>0.069936</td>\n",
       "      <td>-0.002245</td>\n",
       "      <td>-0.217309</td>\n",
       "      <td>0.098440</td>\n",
       "      <td>0.021386</td>\n",
       "      <td>0.050309</td>\n",
       "      <td>0.113145</td>\n",
       "      <td>0.069337</td>\n",
       "      <td>-0.026052</td>\n",
       "      <td>-0.022012</td>\n",
       "      <td>0.152424</td>\n",
       "      <td>-0.214022</td>\n",
       "      <td>1.000000</td>\n",
       "      <td>-0.410991</td>\n",
       "      <td>-0.394398</td>\n",
       "      <td>-0.439178</td>\n",
       "      <td>-0.223627</td>\n",
       "    </tr>\n",
       "    <tr>\n",
       "      <th>Length</th>\n",
       "      <td>0.389926</td>\n",
       "      <td>-0.364255</td>\n",
       "      <td>0.135276</td>\n",
       "      <td>0.414874</td>\n",
       "      <td>-0.440130</td>\n",
       "      <td>-0.182951</td>\n",
       "      <td>-0.284807</td>\n",
       "      <td>0.247737</td>\n",
       "      <td>0.255718</td>\n",
       "      <td>-0.062567</td>\n",
       "      <td>-0.162959</td>\n",
       "      <td>-0.334832</td>\n",
       "      <td>0.623889</td>\n",
       "      <td>-0.410991</td>\n",
       "      <td>1.000000</td>\n",
       "      <td>0.940756</td>\n",
       "      <td>0.843394</td>\n",
       "      <td>0.620455</td>\n",
       "    </tr>\n",
       "    <tr>\n",
       "      <th>Width</th>\n",
       "      <td>0.332826</td>\n",
       "      <td>-0.390818</td>\n",
       "      <td>0.188229</td>\n",
       "      <td>0.350859</td>\n",
       "      <td>-0.437748</td>\n",
       "      <td>-0.229706</td>\n",
       "      <td>-0.298036</td>\n",
       "      <td>0.327391</td>\n",
       "      <td>0.358514</td>\n",
       "      <td>-0.066592</td>\n",
       "      <td>-0.106018</td>\n",
       "      <td>-0.322799</td>\n",
       "      <td>0.600199</td>\n",
       "      <td>-0.394398</td>\n",
       "      <td>0.940756</td>\n",
       "      <td>1.000000</td>\n",
       "      <td>0.901352</td>\n",
       "      <td>0.624609</td>\n",
       "    </tr>\n",
       "    <tr>\n",
       "      <th>Draft</th>\n",
       "      <td>0.316171</td>\n",
       "      <td>-0.227359</td>\n",
       "      <td>0.166698</td>\n",
       "      <td>0.321110</td>\n",
       "      <td>-0.263085</td>\n",
       "      <td>-0.207798</td>\n",
       "      <td>-0.207754</td>\n",
       "      <td>0.233567</td>\n",
       "      <td>0.312791</td>\n",
       "      <td>-0.006700</td>\n",
       "      <td>0.025633</td>\n",
       "      <td>-0.276373</td>\n",
       "      <td>0.395130</td>\n",
       "      <td>-0.439178</td>\n",
       "      <td>0.843394</td>\n",
       "      <td>0.901352</td>\n",
       "      <td>1.000000</td>\n",
       "      <td>0.421506</td>\n",
       "    </tr>\n",
       "    <tr>\n",
       "      <th>Cargo</th>\n",
       "      <td>0.200863</td>\n",
       "      <td>-0.474096</td>\n",
       "      <td>0.000217</td>\n",
       "      <td>0.210333</td>\n",
       "      <td>-0.494379</td>\n",
       "      <td>-0.336916</td>\n",
       "      <td>-0.325716</td>\n",
       "      <td>0.335642</td>\n",
       "      <td>0.251950</td>\n",
       "      <td>-0.064796</td>\n",
       "      <td>-0.353049</td>\n",
       "      <td>-0.484909</td>\n",
       "      <td>0.943146</td>\n",
       "      <td>-0.223627</td>\n",
       "      <td>0.620455</td>\n",
       "      <td>0.624609</td>\n",
       "      <td>0.421506</td>\n",
       "      <td>1.000000</td>\n",
       "    </tr>\n",
       "  </tbody>\n",
       "</table>\n",
       "</div>"
      ],
      "text/plain": [
       "                Tdir      Tper      Thgt      sdir      sper      shgt  \\\n",
       "Tdir        1.000000 -0.589622  0.119382  0.978535 -0.677285  0.044306   \n",
       "Tper       -0.589622  1.000000 -0.387334 -0.572548  0.952481  0.160026   \n",
       "Thgt        0.119382 -0.387334  1.000000  0.081911 -0.334455  0.501495   \n",
       "sdir        0.978535 -0.572548  0.081911  1.000000 -0.703667  0.013769   \n",
       "sper       -0.677285  0.952481 -0.334455 -0.703667  1.000000  0.116856   \n",
       "shgt        0.044306  0.160026  0.501495  0.013769  0.116856  1.000000   \n",
       "wdir       -0.492141  0.775737 -0.080480 -0.477775  0.747511  0.149569   \n",
       "wper       -0.235801 -0.445201  0.513343 -0.215541 -0.383485 -0.251638   \n",
       "whgt       -0.195454 -0.412771  0.640324 -0.192404 -0.325933 -0.233309   \n",
       "SOG         0.130290  0.146561 -0.184913  0.122745  0.135540 -0.046900   \n",
       "COG        -0.225762  0.216574 -0.062158 -0.234715  0.260504 -0.127112   \n",
       "Heading    -0.197025  0.218014  0.095982 -0.201361  0.244863  0.246540   \n",
       "VesselType  0.154603 -0.540190  0.074257  0.169336 -0.564341 -0.256535   \n",
       "Status     -0.217324  0.069936 -0.002245 -0.217309  0.098440  0.021386   \n",
       "Length      0.389926 -0.364255  0.135276  0.414874 -0.440130 -0.182951   \n",
       "Width       0.332826 -0.390818  0.188229  0.350859 -0.437748 -0.229706   \n",
       "Draft       0.316171 -0.227359  0.166698  0.321110 -0.263085 -0.207798   \n",
       "Cargo       0.200863 -0.474096  0.000217  0.210333 -0.494379 -0.336916   \n",
       "\n",
       "                wdir      wper      whgt       SOG       COG   Heading  \\\n",
       "Tdir       -0.492141 -0.235801 -0.195454  0.130290 -0.225762 -0.197025   \n",
       "Tper        0.775737 -0.445201 -0.412771  0.146561  0.216574  0.218014   \n",
       "Thgt       -0.080480  0.513343  0.640324 -0.184913 -0.062158  0.095982   \n",
       "sdir       -0.477775 -0.215541 -0.192404  0.122745 -0.234715 -0.201361   \n",
       "sper        0.747511 -0.383485 -0.325933  0.135540  0.260504  0.244863   \n",
       "shgt        0.149569 -0.251638 -0.233309 -0.046900 -0.127112  0.246540   \n",
       "wdir        1.000000 -0.259989 -0.184262  0.212030  0.214610  0.222309   \n",
       "wper       -0.259989  1.000000  0.926060 -0.335349  0.026785 -0.073457   \n",
       "whgt       -0.184262  0.926060  1.000000 -0.325238  0.066662 -0.051669   \n",
       "SOG         0.212030 -0.335349 -0.325238  1.000000  0.186954 -0.179059   \n",
       "COG         0.214610  0.026785  0.066662  0.186954  1.000000  0.380699   \n",
       "Heading     0.222309 -0.073457 -0.051669 -0.179059  0.380699  1.000000   \n",
       "VesselType -0.407728  0.432633  0.328878 -0.179182 -0.288188 -0.472328   \n",
       "Status      0.050309  0.113145  0.069337 -0.026052 -0.022012  0.152424   \n",
       "Length     -0.284807  0.247737  0.255718 -0.062567 -0.162959 -0.334832   \n",
       "Width      -0.298036  0.327391  0.358514 -0.066592 -0.106018 -0.322799   \n",
       "Draft      -0.207754  0.233567  0.312791 -0.006700  0.025633 -0.276373   \n",
       "Cargo      -0.325716  0.335642  0.251950 -0.064796 -0.353049 -0.484909   \n",
       "\n",
       "            VesselType    Status    Length     Width     Draft     Cargo  \n",
       "Tdir          0.154603 -0.217324  0.389926  0.332826  0.316171  0.200863  \n",
       "Tper         -0.540190  0.069936 -0.364255 -0.390818 -0.227359 -0.474096  \n",
       "Thgt          0.074257 -0.002245  0.135276  0.188229  0.166698  0.000217  \n",
       "sdir          0.169336 -0.217309  0.414874  0.350859  0.321110  0.210333  \n",
       "sper         -0.564341  0.098440 -0.440130 -0.437748 -0.263085 -0.494379  \n",
       "shgt         -0.256535  0.021386 -0.182951 -0.229706 -0.207798 -0.336916  \n",
       "wdir         -0.407728  0.050309 -0.284807 -0.298036 -0.207754 -0.325716  \n",
       "wper          0.432633  0.113145  0.247737  0.327391  0.233567  0.335642  \n",
       "whgt          0.328878  0.069337  0.255718  0.358514  0.312791  0.251950  \n",
       "SOG          -0.179182 -0.026052 -0.062567 -0.066592 -0.006700 -0.064796  \n",
       "COG          -0.288188 -0.022012 -0.162959 -0.106018  0.025633 -0.353049  \n",
       "Heading      -0.472328  0.152424 -0.334832 -0.322799 -0.276373 -0.484909  \n",
       "VesselType    1.000000 -0.214022  0.623889  0.600199  0.395130  0.943146  \n",
       "Status       -0.214022  1.000000 -0.410991 -0.394398 -0.439178 -0.223627  \n",
       "Length        0.623889 -0.410991  1.000000  0.940756  0.843394  0.620455  \n",
       "Width         0.600199 -0.394398  0.940756  1.000000  0.901352  0.624609  \n",
       "Draft         0.395130 -0.439178  0.843394  0.901352  1.000000  0.421506  \n",
       "Cargo         0.943146 -0.223627  0.620455  0.624609  0.421506  1.000000  "
      ]
     },
     "execution_count": 4,
     "metadata": {},
     "output_type": "execute_result"
    }
   ],
   "source": [
    "x.corr(method ='pearson')"
   ]
  },
  {
   "cell_type": "code",
   "execution_count": 11,
   "metadata": {},
   "outputs": [
    {
     "data": {
